affine_params:
  a1: 729.0574429094843
  a2: -0.0029083735718280217
  b1: -0.07369544467837841
  b2: -882.2631001522669
  c1: -87781.18869701304
  c2: 28303.583724869462
  col_rmse: 3.598837719425452
  control_points_used: 7
  max_residual: 5.841397680464516
  row_rmse: 1.1667033779637048
boundary_affine:
  2: !!python/tuple
  - 67
  - 0.6786871961102107
  3: !!python/tuple
  - 79
  - 0.8002431118314425
  5: !!python/tuple
  - 196
  - 1.9854132901134522
boundary_linear:
  2: !!python/tuple
  - 214
  - 2.1677471636953
  3: !!python/tuple
  - 239
  - 2.4209886547811994
  5: !!python/tuple
  - 276
  - 2.7957860615883305
control_points:
- col: 0
  description: 轨迹区域西南角
  lat: 31.98967
  lon: 120.40344
  row: 81
- col: 179
  description: 轨迹区域东南角
  lat: 31.98967
  lon: 120.65603
  row: 81
- col: 0
  description: 轨迹区域西北角
  lat: 32.07567
  lon: 120.40344
  row: 5
- col: 179
  description: 轨迹区域东北角
  lat: 32.07567
  lon: 120.65603
  row: 5
- col: 90
  description: 轨迹区域中心
  lat: 32.03
  lon: 120.53
  row: 43
- col: 0
  description: 西边缘中点
  lat: 32.03
  lon: 120.4147
  row: 43
- col: 179
  description: 东边缘中点
  lat: 32.03
  lon: 120.6447
  row: 43
meta_used:
  height: 90
  lat_max: 32.0819
  lat_min: 31.9803
  lon_max: 120.6447
  lon_min: 120.4147
  width: 180
stats_affine:
  avg_dist: 1.8313922333328054
  free_count: 3431
  free_pct: 34.75486223662885
  max_dist: 9.219544457292887
  median_dist: 2.0
  obstacle_count: 6415
  obstacle_pct: 64.98176661264182
  outside_count: 26
  outside_pct: 0.2633711507293355
  total: 9872
stats_linear:
  avg_dist: 1.491886407370032
  free_count: 3555
  free_pct: 36.01094003241491
  max_dist: 10.63014581273465
  median_dist: 1.4142135623730951
  obstacle_count: 6317
  obstacle_pct: 63.98905996758509
  outside_count: 0
  outside_pct: 0.0
  total: 9872
